[0.720, 0.360] : 89.6296
[0.720, 0.370] : 90.6667
[0.720, 0.380] : 90.2222
[0.720, 0.390] : 90.4444
[0.720, 0.400] : 90.0000
[0.720, 0.410] : 88.7407
[0.720, 0.420] : 89.4074
[0.720, 0.430] : 89.4815
[0.720, 0.440] : 89.3333
[0.720, 0.450] : 89.1111
[0.720, 0.460] : 89.4815
[0.720, 0.470] : 89.5556
[0.720, 0.480] : 88.7407
[0.720, 0.490] : 89.4074
[0.720, 0.500] : 88.4444
[0.720, 0.510] : 90.2963
[0.720, 0.520] : 89.4815
[0.720, 0.530] : 88.8148
[0.720, 0.540] : 88.4444
[0.720, 0.550] : 89.9259
[0.720, 0.560] : 90.1481
[0.720, 0.570] : 90.5926
[0.720, 0.580] : 89.2593

[0.730, 0.360] : 90.6667
[0.730, 0.370] : 89.8519
[0.730, 0.380] : 89.9259
[0.730, 0.390] : 88.9630
[0.730, 0.400] : 89.8519
[0.730, 0.410] : 90.6667
[0.730, 0.420] : 90.6667
[0.730, 0.430] : 90.2963
[0.730, 0.440] : 89.4815
[0.730, 0.450] : 90.6667
[0.730, 0.460] : 91.0370
[0.730, 0.470] : 90.1481
[0.730, 0.480] : 89.7037
[0.730, 0.490] : 90.7407
[0.730, 0.500] : 89.7778
[0.730, 0.510] : 90.3704
[0.730, 0.520] : 89.0370
[0.730, 0.530] : 89.6296
[0.730, 0.540] : 89.2593
[0.730, 0.550] : 90.5185
[0.730, 0.560] : 91.7778
[0.730, 0.570] : 91.0370
[0.730, 0.580] : 89.7778

[0.740, 0.360] : 91.8519
[0.740, 0.370] : 92.2222
[0.740, 0.380] : 91.1111
[0.740, 0.390] : 92.2963
[0.740, 0.400] : 91.7037
[0.740, 0.410] : 92.0741
[0.740, 0.420] : 91.5556
[0.740, 0.430] : 91.7778
[0.740, 0.440] : 91.7778
[0.740, 0.450] : 91.5556
[0.740, 0.460] : 91.1852
[0.740, 0.470] : 92.3704
[0.740, 0.480] : 91.7778
[0.740, 0.490] : 91.3333
[0.740, 0.500] : 91.6296
[0.740, 0.510] : 92.4444
[0.740, 0.520] : 90.8148
[0.740, 0.530] : 90.8148
[0.740, 0.540] : 91.3333
[0.740, 0.550] : 90.5926
[0.740, 0.560] : 91.8519
[0.740, 0.570] : 92.2963
[0.740, 0.580] : 92.4444

[0.750, 0.360] : 93.9259
[0.750, 0.370] : 92.9630
[0.750, 0.380] : 93.4815
[0.750, 0.390] : 93.1111
[0.750, 0.400] : 93.7037
[0.750, 0.410] : 93.1852
[0.750, 0.420] : 93.4815
[0.750, 0.430] : 93.5556
[0.750, 0.440] : 93.7778
[0.750, 0.450] : 92.2963
[0.750, 0.460] : 93.7037
[0.750, 0.470] : 93.5556
[0.750, 0.480] : 93.1852
[0.750, 0.490] : 94.0000
[0.750, 0.500] : 92.8148
[0.750, 0.510] : 92.6667
[0.750, 0.520] : 93.3333
[0.750, 0.530] : 92.2963
[0.750, 0.540] : 92.3704
[0.750, 0.550] : 92.2222
[0.750, 0.560] : 92.7407
[0.750, 0.570] : 93.7778
[0.750, 0.580] : 93.4815

[0.760, 0.360] : 96.6667
[0.760, 0.370] : 95.1852
[0.760, 0.380] : 95.0370
[0.760, 0.390] : 95.4074
[0.760, 0.400] : 95.5556
[0.760, 0.410] : 95.4074
[0.760, 0.420] : 95.3333
[0.760, 0.430] : 95.7037
[0.760, 0.440] : 96.2222
[0.760, 0.450] : 95.7778
[0.760, 0.460] : 95.3333
[0.760, 0.470] : 95.8519
[0.760, 0.480] : 94.2222
[0.760, 0.490] : 95.8519
[0.760, 0.500] : 95.6296
[0.760, 0.510] : 93.4815
[0.760, 0.520] : 95.2593
[0.760, 0.530] : 95.6296
[0.760, 0.540] : 94.4444
[0.760, 0.550] : 94.5185
[0.760, 0.560] : 95.2593
[0.760, 0.570] : 96.4444
[0.760, 0.580] : 94.5926

[0.770, 0.360] : 97.1852
[0.770, 0.370] : 98.1481
[0.770, 0.380] : 98.0000
[0.770, 0.390] : 97.4815
[0.770, 0.400] : 97.7037
[0.770, 0.410] : 96.7407
[0.770, 0.420] : 96.9630
[0.770, 0.430] : 96.2963
[0.770, 0.440] : 97.0370
[0.770, 0.450] : 96.9630
[0.770, 0.460] : 95.9259
[0.770, 0.470] : 96.7407
[0.770, 0.480] : 96.2963
[0.770, 0.490] : 96.9630
[0.770, 0.500] : 96.4444
[0.770, 0.510] : 96.4444
[0.770, 0.520] : 95.6296
[0.770, 0.530] : 96.9630
[0.770, 0.540] : 96.2222
[0.770, 0.550] : 96.4444
[0.770, 0.560] : 95.7037
[0.770, 0.570] : 94.8148
[0.770, 0.580] : 96.0000

[0.780, 0.360] : 98.2222
[0.780, 0.370] : 98.2222
[0.780, 0.380] : 97.5556
[0.780, 0.390] : 97.7037
[0.780, 0.400] : 97.5556
[0.780, 0.410] : 98.1481
[0.780, 0.420] : 98.5926
[0.780, 0.430] : 97.9259
[0.780, 0.440] : 98.1481
[0.780, 0.450] : 97.7778
[0.780, 0.460] : 97.9259
[0.780, 0.470] : 97.6296
[0.780, 0.480] : 97.1852
[0.780, 0.490] : 98.0000
[0.780, 0.500] : 97.6296
[0.780, 0.510] : 97.9259
[0.780, 0.520] : 96.5185
[0.780, 0.530] : 98.0000
[0.780, 0.540] : 97.1852
[0.780, 0.550] : 96.9630
[0.780, 0.560] : 96.3704
[0.780, 0.570] : 96.9630
[0.780, 0.580] : 96.2222

[0.790, 0.360] : 98.5926
[0.790, 0.370] : 99.1852
[0.790, 0.380] : 98.8148
[0.790, 0.390] : 98.8148
[0.790, 0.400] : 98.8889
[0.790, 0.410] : 98.7407
[0.790, 0.420] : 98.7407
[0.790, 0.430] : 98.3704
[0.790, 0.440] : 98.8148
[0.790, 0.450] : 98.0741
[0.790, 0.460] : 98.6667
[0.790, 0.470] : 98.2963
[0.790, 0.480] : 97.9259
[0.790, 0.490] : 98.7407
[0.790, 0.500] : 97.3333
[0.790, 0.510] : 98.1481
[0.790, 0.520] : 97.7037
[0.790, 0.530] : 97.9259
[0.790, 0.540] : 97.7778
[0.790, 0.550] : 97.6296
[0.790, 0.560] : 97.7778
[0.790, 0.570] : 97.7037
[0.790, 0.580] : 97.2593

[0.800, 0.360] : 99.4815
[0.800, 0.370] : 98.9630
[0.800, 0.380] : 99.1111
[0.800, 0.390] : 99.3333
[0.800, 0.400] : 99.4815
[0.800, 0.410] : 99.3333
[0.800, 0.420] : 99.1852
[0.800, 0.430] : 99.1111
[0.800, 0.440] : 99.1852
[0.800, 0.450] : 98.6667
[0.800, 0.460] : 98.1481
[0.800, 0.470] : 99.3333
[0.800, 0.480] : 98.6667
[0.800, 0.490] : 99.4074
[0.800, 0.500] : 98.1481
[0.800, 0.510] : 98.5926
[0.800, 0.520] : 98.0741
[0.800, 0.530] : 98.0741
[0.800, 0.540] : 98.1481
[0.800, 0.550] : 98.5926
[0.800, 0.560] : 98.4444
[0.800, 0.570] : 98.1481
[0.800, 0.580] : 97.8519

[0.810, 0.360] : 99.0370
[0.810, 0.370] : 98.7407
[0.810, 0.380] : 98.9630
[0.810, 0.390] : 99.0370
[0.810, 0.400] : 99.1111
[0.810, 0.410] : 99.5556
[0.810, 0.420] : 98.7407
[0.810, 0.430] : 99.1111
[0.810, 0.440] : 99.3333
[0.810, 0.450] : 99.1111
[0.810, 0.460] : 98.7407
[0.810, 0.470] : 99.2593
[0.810, 0.480] : 98.5185
[0.810, 0.490] : 98.8889
[0.810, 0.500] : 98.2222
[0.810, 0.510] : 98.2222
[0.810, 0.520] : 98.8148
[0.810, 0.530] : 98.5185
[0.810, 0.540] : 97.7037
[0.810, 0.550] : 98.2222
[0.810, 0.560] : 97.4074
[0.810, 0.570] : 97.1852
[0.810, 0.580] : 97.9259

[0.820, 0.360] : 99.4074
[0.820, 0.370] : 99.2593
[0.820, 0.380] : 99.5556
[0.820, 0.390] : 98.5185
[0.820, 0.400] : 98.7407
[0.820, 0.410] : 99.1111
[0.820, 0.420] : 99.3333
[0.820, 0.430] : 99.4074
[0.820, 0.440] : 99.0370
[0.820, 0.450] : 98.9630
[0.820, 0.460] : 98.9630
[0.820, 0.470] : 99.0370
[0.820, 0.480] : 98.2222
[0.820, 0.490] : 98.5185
[0.820, 0.500] : 98.0000
[0.820, 0.510] : 97.8519
[0.820, 0.520] : 97.8519
[0.820, 0.530] : 98.2963
[0.820, 0.540] : 97.4815
[0.820, 0.550] : 97.7778
[0.820, 0.560] : 97.5556
[0.820, 0.570] : 97.6296
[0.820, 0.580] : 98.5185

[0.830, 0.360] : 99.0370
[0.830, 0.370] : 98.9630
[0.830, 0.380] : 99.4815
[0.830, 0.390] : 99.1111
[0.830, 0.400] : 99.4815
[0.830, 0.410] : 99.3333
[0.830, 0.420] : 99.2593
[0.830, 0.430] : 98.5185
[0.830, 0.440] : 98.1481
[0.830, 0.450] : 98.8148
[0.830, 0.460] : 98.8148
[0.830, 0.470] : 98.0741
[0.830, 0.480] : 98.7407
[0.830, 0.490] : 98.1481
[0.830, 0.500] : 97.7037
[0.830, 0.510] : 98.4444
[0.830, 0.520] : 98.0741
[0.830, 0.530] : 97.9259
[0.830, 0.540] : 98.8148
[0.830, 0.550] : 97.3333
[0.830, 0.560] : 97.9259
[0.830, 0.570] : 97.7778
[0.830, 0.580] : 98.6667

[0.840, 0.360] : 99.4815
[0.840, 0.370] : 99.1852
[0.840, 0.380] : 99.2593
[0.840, 0.390] : 98.8889
[0.840, 0.400] : 99.4815
[0.840, 0.410] : 98.9630
[0.840, 0.420] : 99.3333
[0.840, 0.430] : 99.1111
[0.840, 0.440] : 98.5926
[0.840, 0.450] : 98.9630
[0.840, 0.460] : 99.4815
[0.840, 0.470] : 98.8148
[0.840, 0.480] : 98.0000
[0.840, 0.490] : 97.8519
[0.840, 0.500] : 98.0000
[0.840, 0.510] : 98.2963
[0.840, 0.520] : 97.9259
[0.840, 0.530] : 97.1111
[0.840, 0.540] : 98.1481
[0.840, 0.550] : 97.6296
[0.840, 0.560] : 97.1852
[0.840, 0.570] : 96.6667
[0.840, 0.580] : 97.7037

[0.850, 0.360] : 99.5556
[0.850, 0.370] : 99.2593
[0.850, 0.380] : 99.7778
[0.850, 0.390] : 98.8148
[0.850, 0.400] : 98.2222
[0.850, 0.410] : 97.9259
[0.850, 0.420] : 97.9259
[0.850, 0.430] : 98.7407
[0.850, 0.440] : 98.2963
[0.850, 0.450] : 98.2222
[0.850, 0.460] : 99.2593
[0.850, 0.470] : 98.0000
[0.850, 0.480] : 99.1111
[0.850, 0.490] : 97.5556
[0.850, 0.500] : 98.3704
[0.850, 0.510] : 98.2963
[0.850, 0.520] : 99.0370
[0.850, 0.530] : 96.5185
[0.850, 0.540] : 96.5926
[0.850, 0.550] : 96.3704
[0.850, 0.560] : 97.3333
[0.850, 0.570] : 98.1481
[0.850, 0.580] : 96.1481

[0.860, 0.360] : 98.8148
[0.860, 0.370] : 98.8148
[0.860, 0.380] : 98.8889
[0.860, 0.390] : 98.8889
[0.860, 0.400] : 98.3704
[0.860, 0.410] : 99.0370
[0.860, 0.420] : 98.3704
[0.860, 0.430] : 98.6667
[0.860, 0.440] : 98.4444
[0.860, 0.450] : 98.3704
[0.860, 0.460] : 98.2222
[0.860, 0.470] : 97.7037
[0.860, 0.480] : 97.7778
[0.860, 0.490] : 98.1481
[0.860, 0.500] : 97.7037
[0.860, 0.510] : 97.8519
[0.860, 0.520] : 97.2593
[0.860, 0.530] : 96.8148
[0.860, 0.540] : 96.8148
[0.860, 0.550] : 96.0000
[0.860, 0.560] : 96.1481
[0.860, 0.570] : 96.4444
[0.860, 0.580] : 96.0000

[0.870, 0.360] : 99.0370
[0.870, 0.370] : 98.8889
[0.870, 0.380] : 99.1852
[0.870, 0.390] : 99.0370
[0.870, 0.400] : 99.1111
[0.870, 0.410] : 98.1481
[0.870, 0.420] : 98.5185
[0.870, 0.430] : 98.5185
[0.870, 0.440] : 98.2222
[0.870, 0.450] : 98.5185
[0.870, 0.460] : 98.1481
[0.870, 0.470] : 98.0741
[0.870, 0.480] : 97.4074
[0.870, 0.490] : 97.8519
[0.870, 0.500] : 97.8519
[0.870, 0.510] : 97.4815
[0.870, 0.520] : 97.4815
[0.870, 0.530] : 96.5926
[0.870, 0.540] : 97.0370
[0.870, 0.550] : 96.5185
[0.870, 0.560] : 97.7037
[0.870, 0.570] : 96.6667
[0.870, 0.580] : 96.1481

[0.880, 0.360] : 98.9630
[0.880, 0.370] : 98.6667
[0.880, 0.380] : 98.6667
[0.880, 0.390] : 98.6667
[0.880, 0.400] : 99.1111
[0.880, 0.410] : 98.2222
[0.880, 0.420] : 98.7407
[0.880, 0.430] : 98.3704
[0.880, 0.440] : 98.4444
[0.880, 0.450] : 98.0000
[0.880, 0.460] : 98.0000
[0.880, 0.470] : 97.3333
[0.880, 0.480] : 96.9630
[0.880, 0.490] : 97.6296
[0.880, 0.500] : 97.7778
[0.880, 0.510] : 96.7407
[0.880, 0.520] : 96.8148
[0.880, 0.530] : 97.5556
[0.880, 0.540] : 96.0741
[0.880, 0.550] : 96.5185
[0.880, 0.560] : 97.1852
[0.880, 0.570] : 97.1852
[0.880, 0.580] : 96.0000

[0.890, 0.360] : 98.8889
[0.890, 0.370] : 99.1111
[0.890, 0.380] : 98.4444
[0.890, 0.390] : 98.7407
[0.890, 0.400] : 99.3333
[0.890, 0.410] : 98.8148
[0.890, 0.420] : 98.8148
[0.890, 0.430] : 98.5926
[0.890, 0.440] : 98.0741
[0.890, 0.450] : 97.7778
[0.890, 0.460] : 97.6296
[0.890, 0.470] : 97.2593
[0.890, 0.480] : 97.2593
[0.890, 0.490] : 98.6667
[0.890, 0.500] : 96.8889
[0.890, 0.510] : 97.4074
[0.890, 0.520] : 96.5926
[0.890, 0.530] : 97.1852
[0.890, 0.540] : 95.7037
[0.890, 0.550] : 96.6667
[0.890, 0.560] : 96.2963
[0.890, 0.570] : 96.2222
[0.890, 0.580] : 95.4074

[0.900, 0.360] : 99.3333
[0.900, 0.370] : 98.5185
[0.900, 0.380] : 98.8889
[0.900, 0.390] : 98.5185
[0.900, 0.400] : 98.3704
[0.900, 0.410] : 99.0370
[0.900, 0.420] : 99.1111
[0.900, 0.430] : 99.1111
[0.900, 0.440] : 98.5926
[0.900, 0.450] : 98.2963
[0.900, 0.460] : 97.4815
[0.900, 0.470] : 97.6296
[0.900, 0.480] : 97.4815
[0.900, 0.490] : 98.3704
[0.900, 0.500] : 97.3333
[0.900, 0.510] : 97.0370
[0.900, 0.520] : 97.1852
[0.900, 0.530] : 97.1852
[0.900, 0.540] : 97.0370
[0.900, 0.550] : 96.1481
[0.900, 0.560] : 95.4074
[0.900, 0.570] : 95.6296
[0.900, 0.580] : 96.8889

[0.910, 0.360] : 98.9630
[0.910, 0.370] : 98.9630
[0.910, 0.380] : 98.5185
[0.910, 0.390] : 98.4444
[0.910, 0.400] : 99.3333
[0.910, 0.410] : 99.6296
[0.910, 0.420] : 99.7778
[0.910, 0.430] : 99.0370
[0.910, 0.440] : 98.8148
[0.910, 0.450] : 98.0000
[0.910, 0.460] : 97.7037
[0.910, 0.470] : 97.7037
[0.910, 0.480] : 97.7778
[0.910, 0.490] : 98.3704
[0.910, 0.500] : 97.3333
[0.910, 0.510] : 97.4074
[0.910, 0.520] : 97.8519
[0.910, 0.530] : 98.3704
[0.910, 0.540] : 96.5926
[0.910, 0.550] : 96.6667
[0.910, 0.560] : 96.8148
[0.910, 0.570] : 95.9259
[0.910, 0.580] : 98.4444

[0.920, 0.360] : 99.2593
[0.920, 0.370] : 99.7778
[0.920, 0.380] : 98.8889
[0.920, 0.390] : 99.2593
[0.920, 0.400] : 99.1852
[0.920, 0.410] : 99.1111
[0.920, 0.420] : 99.1111
[0.920, 0.430] : 98.7407
[0.920, 0.440] : 98.2222
[0.920, 0.450] : 98.2222
[0.920, 0.460] : 98.4444
[0.920, 0.470] : 98.0000
[0.920, 0.480] : 97.6296
[0.920, 0.490] : 98.1481
[0.920, 0.500] : 96.8889
[0.920, 0.510] : 97.7778
[0.920, 0.520] : 97.4074
[0.920, 0.530] : 98.2963
[0.920, 0.540] : 97.7037
[0.920, 0.550] : 96.8148
[0.920, 0.560] : 97.4815
[0.920, 0.570] : 96.1481
[0.920, 0.580] : 97.4074

[0.930, 0.360] : 99.4815
[0.930, 0.370] : 99.6296
[0.930, 0.380] : 98.6667
[0.930, 0.390] : 98.9630
[0.930, 0.400] : 99.3333
[0.930, 0.410] : 98.3704
[0.930, 0.420] : 98.6667
[0.930, 0.430] : 98.0741
[0.930, 0.440] : 98.5926
[0.930, 0.450] : 97.6296
[0.930, 0.460] : 98.2963
[0.930, 0.470] : 98.2222
[0.930, 0.480] : 97.8519
[0.930, 0.490] : 98.0741
[0.930, 0.500] : 97.0370
[0.930, 0.510] : 97.3333
[0.930, 0.520] : 98.7407
[0.930, 0.530] : 97.7778
[0.930, 0.540] : 96.1481
[0.930, 0.550] : 95.7778
[0.930, 0.560] : 96.2963
[0.930, 0.570] : 96.4444

[0.940, 0.360] : 99.4074
[0.940, 0.370] : 99.4815
[0.940, 0.380] : 98.6667
[0.940, 0.390] : 98.4444
[0.940, 0.400] : 98.9630
[0.940, 0.410] : 98.8148
[0.940, 0.420] : 98.2222
[0.940, 0.430] : 98.8889
[0.940, 0.440] : 98.3704
[0.940, 0.450] : 98.5926
[0.940, 0.460] : 98.2222
[0.940, 0.470] : 97.1852
[0.940, 0.480] : 97.3333
[0.940, 0.490] : 97.0370
[0.940, 0.500] : 96.2222
[0.940, 0.510] : 97.1852
[0.940, 0.520] : 96.5185
[0.940, 0.530] : 96.7407
[0.940, 0.540] : 96.6667
[0.940, 0.550] : 95.8519
[0.940, 0.560] : 95.4815
[0.940, 0.570] : 95.1111
[0.940, 0.580] : 95.8519

[0.950, 0.360] : 99.4074
[0.950, 0.370] : 99.1852
[0.950, 0.380] : 99.0370
[0.950, 0.390] : 98.7407
[0.950, 0.400] : 98.5926
[0.950, 0.410] : 98.8148
[0.950, 0.420] : 98.9630
[0.950, 0.430] : 98.5185
[0.950, 0.440] : 98.7407
[0.950, 0.450] : 98.2963
[0.950, 0.460] : 97.4815
[0.950, 0.470] : 97.4074
[0.950, 0.480] : 97.7037
[0.950, 0.490] : 97.8519
[0.950, 0.500] : 96.6667
[0.950, 0.510] : 97.4815
[0.950, 0.520] : 96.8148
[0.950, 0.530] : 96.8889
[0.950, 0.540] : 96.8148
[0.950, 0.550] : 96.5926
[0.950, 0.560] : 96.6667
[0.950, 0.570] : 96.5926
[0.950, 0.580] : 96.1481

[0.960, 0.360] : 99.4074
[0.960, 0.370] : 99.1111
[0.960, 0.380] : 98.7407
[0.960, 0.390] : 98.8148
[0.960, 0.400] : 98.7407
[0.960, 0.410] : 99.1111
[0.960, 0.420] : 98.0741
[0.960, 0.430] : 98.4444
[0.960, 0.440] : 98.0741
[0.960, 0.450] : 98.0741
[0.960, 0.460] : 97.7778
[0.960, 0.470] : 98.6667
[0.960, 0.480] : 97.0370
[0.960, 0.490] : 96.8148
[0.960, 0.500] : 97.8519
[0.960, 0.510] : 98.2963
[0.960, 0.520] : 96.8889
[0.960, 0.530] : 97.1111
[0.960, 0.540] : 96.7407
[0.960, 0.550] : 96.2963
[0.960, 0.560] : 95.5556
[0.960, 0.570] : 95.7778
[0.960, 0.580] : 96.3704

[0.970, 0.360] : 99.5556
[0.970, 0.370] : 99.0370
[0.970, 0.380] : 99.0370
[0.970, 0.390] : 99.7037
[0.970, 0.400] : 98.6667
[0.970, 0.410] : 99.4074
[0.970, 0.420] : 99.2593
[0.970, 0.430] : 98.0000
[0.970, 0.440] : 98.2222
[0.970, 0.450] : 98.2963
[0.970, 0.460] : 98.0000
[0.970, 0.470] : 99.4074
[0.970, 0.480] : 97.4815
[0.970, 0.490] : 97.1111
[0.970, 0.500] : 97.4815
[0.970, 0.510] : 96.9630
[0.970, 0.520] : 97.1111
[0.970, 0.530] : 96.9630
[0.970, 0.540] : 97.0370
[0.970, 0.550] : 96.9630
[0.970, 0.560] : 96.3704
[0.970, 0.570] : 94.5185
[0.970, 0.580] : 95.4074
