[0.600, 0.220] : 58.6250
[0.600, 0.300] : 63.6875
[0.600, 0.380] : 63.9375
[0.600, 0.460] : 62.7500
[0.600, 0.540] : 62.1875
[0.600, 0.620] : 59.5625
[0.600, 0.700] : 54.3125
[0.600, 0.780] : 56.3750
[0.600, 0.860] : 58.0625
[0.600, 0.940] : 57.4375

[0.625, 0.220] : 62.5000
[0.625, 0.300] : 64.4375
[0.625, 0.380] : 64.3750
[0.625, 0.460] : 64.1250
[0.625, 0.540] : 65.3125
[0.625, 0.620] : 62.4375
[0.625, 0.700] : 57.9375
[0.625, 0.780] : 56.2500
[0.625, 0.860] : 60.6250
[0.625, 0.940] : 64.0000

[0.650, 0.220] : 66.8750
[0.650, 0.300] : 68.6875
[0.650, 0.380] : 71.6250
[0.650, 0.460] : 69.5625
[0.650, 0.540] : 67.6250
[0.650, 0.620] : 68.5000
[0.650, 0.700] : 69.7500
[0.650, 0.780] : 65.6875
[0.650, 0.860] : 69.8125
[0.650, 0.940] : 74.5000

[0.675, 0.220] : 73.3750
[0.675, 0.300] : 76.6250
[0.675, 0.380] : 76.5625
[0.675, 0.460] : 73.7500
[0.675, 0.540] : 76.0000
[0.675, 0.620] : 73.8750
[0.675, 0.700] : 69.6875
[0.675, 0.780] : 63.6250
[0.675, 0.860] : 68.0000
[0.675, 0.940] : 71.3125

[0.700, 0.220] : 83.3750
[0.700, 0.300] : 87.1250
[0.700, 0.380] : 87.6250
[0.700, 0.460] : 86.8125
[0.700, 0.540] : 85.2500
[0.700, 0.620] : 86.6875
[0.700, 0.700] : 84.5000
[0.700, 0.780] : 82.0625
[0.700, 0.860] : 79.3750
[0.700, 0.940] : 82.8750

[0.725, 0.220] : 96.5625
[0.725, 0.300] : 99.2500
[0.725, 0.380] : 99.1875
[0.725, 0.460] : 98.3125
[0.725, 0.540] : 97.1250
[0.725, 0.620] : 97.8750
[0.725, 0.700] : 94.0000
[0.725, 0.780] : 88.8125
[0.725, 0.860] : 85.3750
[0.725, 0.940] : 77.5625

[0.750, 0.220] : 94.8750
[0.750, 0.300] : 98.3750
[0.750, 0.380] : 98.3125
[0.750, 0.460] : 97.9375
[0.750, 0.540] : 97.1875
[0.750, 0.620] : 96.6875
[0.750, 0.700] : 95.0625
[0.750, 0.780] : 93.2500
[0.750, 0.860] : 89.5000
[0.750, 0.940] : 82.3125

[0.775, 0.220] : 95.7500
[0.775, 0.300] : 97.8125
[0.775, 0.380] : 99.1875
[0.775, 0.460] : 97.8750
[0.775, 0.540] : 97.9375
[0.775, 0.620] : 96.9375
[0.775, 0.700] : 93.8750
[0.775, 0.780] : 90.5000
[0.775, 0.860] : 83.9375
[0.775, 0.940] : 76.8750

[0.800, 0.220] : 95.5000
[0.800, 0.300] : 99.2500
[0.800, 0.380] : 99.6250
[0.800, 0.460] : 98.5625
[0.800, 0.540] : 98.3125
[0.800, 0.620] : 96.8750
[0.800, 0.700] : 94.0000
[0.800, 0.780] : 91.6250
[0.800, 0.860] : 87.2500
[0.800, 0.940] : 80.7500

[0.825, 0.220] : 94.8750
[0.825, 0.300] : 97.8125
[0.825, 0.380] : 99.3125
[0.825, 0.460] : 98.3750
[0.825, 0.540] : 98.4375
[0.825, 0.620] : 96.8125
[0.825, 0.700] : 93.5625
[0.825, 0.780] : 89.0000
[0.825, 0.860] : 82.5000
[0.825, 0.940] : 73.7500

[0.850, 0.220] : 94.2500
[0.850, 0.300] : 96.5625
[0.850, 0.380] : 99.2500
[0.850, 0.460] : 99.0000
[0.850, 0.540] : 98.6250
[0.850, 0.620] : 96.8750
[0.850, 0.700] : 93.1875
[0.850, 0.780] : 88.5000
[0.850, 0.860] : 82.2500
[0.850, 0.940] : 74.5000

[0.875, 0.220] : 94.0625
[0.875, 0.300] : 97.3750
[0.875, 0.380] : 99.1875
[0.875, 0.460] : 99.0000
[0.875, 0.540] : 98.1875
[0.875, 0.620] : 96.2500
[0.875, 0.700] : 92.3125
[0.875, 0.780] : 86.8750
[0.875, 0.860] : 80.1875
[0.875, 0.940] : 70.6875

[0.900, 0.220] : 92.9375
[0.900, 0.300] : 96.3750
[0.900, 0.380] : 98.8125
[0.900, 0.460] : 99.0000
[0.900, 0.540] : 98.8125
[0.900, 0.620] : 95.1250
[0.900, 0.700] : 92.1875
[0.900, 0.780] : 86.6250
[0.900, 0.860] : 79.8750
[0.900, 0.940] : 71.4375

[0.925, 0.220] : 92.1250
[0.925, 0.300] : 95.8125
[0.925, 0.380] : 97.9375
[0.925, 0.460] : 99.3125
[0.925, 0.540] : 98.3750
[0.925, 0.620] : 94.6250
[0.925, 0.700] : 91.0625
[0.925, 0.780] : 85.5000
[0.925, 0.860] : 76.4375
[0.925, 0.940] : 66.4375

[0.950, 0.220] : 90.7500
[0.950, 0.300] : 94.9375
[0.950, 0.380] : 97.3125
[0.950, 0.460] : 99.3750
[0.950, 0.540] : 96.8750
[0.950, 0.620] : 94.1250
[0.950, 0.700] : 90.1250
[0.950, 0.780] : 84.1875
[0.950, 0.860] : 74.7500
[0.950, 0.940] : 65.8750

[0.975, 0.220] : 89.7500
[0.975, 0.300] : 93.7500
[0.975, 0.380] : 97.0625
[0.975, 0.460] : 98.3125
[0.975, 0.540] : 96.2500
[0.975, 0.620] : 93.6875
[0.975, 0.700] : 88.6250
[0.975, 0.780] : 81.8125
[0.975, 0.860] : 73.8750
[0.975, 0.940] : 64.4375

[1.000, 0.220] : 87.3125
[1.000, 0.300] : 92.5625
[1.000, 0.380] : 95.9375
[1.000, 0.460] : 97.3750
[1.000, 0.540] : 95.6250
[1.000, 0.620] : 92.8125
[1.000, 0.700] : 88.0000
[1.000, 0.780] : 80.0625
[1.000, 0.860] : 72.3125
[1.000, 0.940] : 62.1875
