[0.62, 0.00] : 70.2500
[0.62, 0.03] : 71.4375
[0.62, 0.06] : 68.4375
[0.62, 0.09] : 68.3750

[0.62, 0.48] : 65.3125
[0.62, 0.51] : 63.5625
[0.62, 0.54] : 64.0000

[0.72, 0.00] : 82.3750
[0.72, 0.03] : 85.5625
[0.72, 0.06] : 88.1875
[0.72, 0.09] : 90.0000

[0.72, 0.48] : 98.1875
[0.72, 0.51] : 97.8125
[0.72, 0.54] : 97.0625

[0.82, 0.00] : 75.5000
[0.82, 0.03] : 79.8125
[0.82, 0.06] : 84.3750
[0.82, 0.09] : 86.5625

[0.82, 0.48] : 99.0000
[0.82, 0.51] : 98.9375
[0.82, 0.54] : 98.0625
[0.82, 0.57] : 98.8750

[0.92, 0.00] : 70.1250
[0.92, 0.03] : 72.6250
[0.92, 0.06] : 77.0000
[0.92, 0.09] : 80.7500

[0.92, 0.48] : 99.2500
[0.92, 0.51] : 99.0625
[0.92, 0.54] : 98.5000
[0.92, 0.57] : 97.1250
