[0.720, 0.360] : 99.1250
[0.720, 0.370] : 99.3750
[0.720, 0.380] : 99.0000
[0.720, 0.390] : 98.8125
[0.720, 0.400] : 98.4375
[0.720, 0.410] : 97.8750
[0.720, 0.420] : 98.7500
[0.720, 0.430] : 98.1875
[0.720, 0.440] : 98.1875
[0.720, 0.450] : 98.5625
[0.720, 0.460] : 98.3750
[0.720, 0.470] : 98.1250
[0.720, 0.480] : 97.6250
[0.720, 0.490] : 97.9375
[0.720, 0.500] : 98.1250
[0.720, 0.510] : 98.8750
[0.720, 0.520] : 97.1250
[0.720, 0.530] : 98.0000
[0.720, 0.540] : 99.5000
[0.720, 0.550] : 97.1875
[0.720, 0.570] : 98.7500

[0.740, 0.360] : 98.5625
[0.740, 0.370] : 98.6875
[0.740, 0.380] : 98.2500
[0.740, 0.390] : 99.1875
[0.740, 0.400] : 97.9375
[0.740, 0.410] : 98.6250
[0.740, 0.420] : 98.4375
[0.740, 0.430] : 99.1250
[0.740, 0.440] : 98.3125
[0.740, 0.450] : 98.0000
[0.740, 0.460] : 98.3125
[0.740, 0.470] : 97.8125
[0.740, 0.480] : 97.8125
[0.740, 0.490] : 97.8125
[0.740, 0.500] : 97.8125
[0.740, 0.510] : 98.7500
[0.740, 0.520] : 99.8750
[0.740, 0.530] : 98.1875
[0.740, 0.540] : 97.1875
[0.740, 0.550] : 96.6250
[0.740, 0.570] : 96.3750

[0.760, 0.360] : 98.9375
[0.760, 0.370] : 99.3125
[0.760, 0.380] : 99.6875
[0.760, 0.390] : 99.5625
[0.760, 0.400] : 99.0625
[0.760, 0.410] : 99.1250
[0.760, 0.420] : 99.0000
[0.760, 0.430] : 99.1875
[0.760, 0.440] : 99.0625
[0.760, 0.450] : 98.8125
[0.760, 0.460] : 99.0000
[0.760, 0.470] : 98.8750
[0.760, 0.480] : 97.7500
[0.760, 0.490] : 98.2500
[0.760, 0.500] : 98.9375
[0.760, 0.510] : 97.9375
[0.760, 0.520] : 98.0000
[0.760, 0.530] : 99.4375
[0.760, 0.540] : 97.0000
[0.760, 0.550] : 97.3125
[0.760, 0.570] : 97.2500

[0.780, 0.360] : 99.0625
[0.780, 0.370] : 99.6250
[0.780, 0.380] : 99.2500
[0.780, 0.390] : 99.7500
[0.780, 0.400] : 99.6875
[0.780, 0.410] : 99.3750
[0.780, 0.420] : 99.8750
[0.780, 0.430] : 99.1250
[0.780, 0.440] : 98.3125
[0.780, 0.450] : 98.7500
[0.780, 0.460] : 98.7500
[0.780, 0.470] : 98.1875
[0.780, 0.480] : 99.3750
[0.780, 0.490] : 98.6875
[0.780, 0.500] : 98.5625
[0.780, 0.510] : 99.4375
[0.780, 0.520] : 98.8125
[0.780, 0.530] : 97.8125
[0.780, 0.540] : 98.7500
[0.780, 0.550] : 97.8125
[0.780, 0.570] : 98.4375

[0.800, 0.360] : 99.1250
[0.800, 0.370] : 98.6875
[0.800, 0.380] : 99.4375
[0.800, 0.390] : 99.1875
[0.800, 0.400] : 99.2500
[0.800, 0.410] : 98.8750
[0.800, 0.420] : 99.1250
[0.800, 0.430] : 99.6250
[0.800, 0.440] : 99.0625
[0.800, 0.450] : 99.0000
[0.800, 0.460] : 99.1250
[0.800, 0.470] : 99.1250
[0.800, 0.480] : 99.3125
[0.800, 0.490] : 98.6250
[0.800, 0.500] : 98.7500
[0.800, 0.510] : 98.3750
[0.800, 0.520] : 98.0625
[0.800, 0.530] : 98.8750
[0.800, 0.540] : 97.6250
[0.800, 0.550] : 97.1875
[0.800, 0.570] : 97.5000

[0.820, 0.360] : 98.8750
[0.820, 0.370] : 99.3125
[0.820, 0.380] : 99.3750
[0.820, 0.390] : 99.4375
[0.820, 0.400] : 99.5625
[0.820, 0.410] : 99.6875
[0.820, 0.420] : 99.3750
[0.820, 0.430] : 99.5000
[0.820, 0.440] : 99.0000
[0.820, 0.450] : 98.7500
[0.820, 0.460] : 99.1875
[0.820, 0.470] : 97.3750
[0.820, 0.480] : 99.0000
[0.820, 0.490] : 99.3750
[0.820, 0.500] : 99.0625
[0.820, 0.510] : 98.7500
[0.820, 0.520] : 97.8125
[0.820, 0.530] : 99.0000
[0.820, 0.540] : 97.7500
[0.820, 0.550] : 97.8125
[0.820, 0.570] : 98.0000

[0.840, 0.360] : 99.2500
[0.840, 0.370] : 99.5000
[0.840, 0.380] : 99.1875
[0.840, 0.390] : 99.8125
[0.840, 0.400] : 99.9375
[0.840, 0.410] : 98.7500
[0.840, 0.420] : 99.9375
[0.840, 0.430] : 99.3750
[0.840, 0.440] : 99.0625
[0.840, 0.450] : 98.9375
[0.840, 0.460] : 98.7500
[0.840, 0.470] : 99.0625
[0.840, 0.480] : 99.4375
[0.840, 0.490] : 98.8750
[0.840, 0.500] : 98.9375
[0.840, 0.510] : 98.7500
[0.840, 0.520] : 98.6250
[0.840, 0.530] : 99.1875
[0.840, 0.540] : 99.0000
[0.840, 0.550] : 98.5000
[0.840, 0.570] : 98.8750

[0.860, 0.360] : 98.6250
[0.860, 0.370] : 99.3750
[0.860, 0.380] : 99.0625
[0.860, 0.390] : 98.9375
[0.860, 0.400] : 99.7500
[0.860, 0.410] : 99.1250
[0.860, 0.420] : 99.0625
[0.860, 0.430] : 99.4375
[0.860, 0.440] : 99.1875
[0.860, 0.450] : 99.0625
[0.860, 0.460] : 99.0000
[0.860, 0.470] : 98.9375
[0.860, 0.480] : 99.5625
[0.860, 0.490] : 98.4375
[0.860, 0.500] : 99.3125
[0.860, 0.510] : 99.1250
[0.860, 0.520] : 98.2500
[0.860, 0.530] : 98.4375
[0.860, 0.540] : 98.4375
[0.860, 0.550] : 98.2500
[0.860, 0.570] : 97.8125


[0.880, 0.360] : 99.1875
[0.880, 0.370] : 98.8750
[0.880, 0.380] : 99.1875
[0.880, 0.390] : 99.2500
[0.880, 0.400] : 99.4375
[0.880, 0.410] : 99.8125
[0.880, 0.420] : 99.3750
[0.880, 0.430] : 99.5625
[0.880, 0.440] : 99.3750
[0.880, 0.450] : 99.5000
[0.880, 0.460] : 99.3750
[0.880, 0.470] : 99.4375
[0.880, 0.480] : 99.4375
[0.880, 0.490] : 98.6875
[0.880, 0.500] : 99.0625
[0.880, 0.510] : 99.0625
[0.880, 0.520] : 97.9375
[0.880, 0.530] : 99.9375
[0.880, 0.540] : 98.5000
[0.880, 0.550] : 98.3750
[0.880, 0.570] : 97.6875

[0.900, 0.360] : 98.1875
[0.900, 0.370] : 98.6875
[0.900, 0.380] : 99.0625
[0.900, 0.390] : 99.3750
[0.900, 0.400] : 99.6875
[0.900, 0.410] : 99.0000
[0.900, 0.420] : 99.7500
[0.900, 0.430] : 99.6250
[0.900, 0.440] : 99.5000
[0.900, 0.450] : 99.3125
[0.900, 0.460] : 99.5000
[0.900, 0.470] : 98.8125
[0.900, 0.480] : 99.6875
[0.900, 0.490] : 98.9375
[0.900, 0.500] : 99.4375
[0.900, 0.510] : 99.1250
[0.900, 0.520] : 99.1875
[0.900, 0.530] : 99.2500
[0.900, 0.540] : 98.7500
[0.900, 0.550] : 98.3750
[0.900, 0.570] : 97.3750

[0.920, 0.360] : 97.8125
[0.920, 0.370] : 97.1875
[0.920, 0.380] : 98.1250
[0.920, 0.390] : 98.5625
[0.920, 0.400] : 99.1250
[0.920, 0.410] : 99.1875
[0.920, 0.420] : 98.9375
[0.920, 0.430] : 99.5625
[0.900, 0.430] : 99.6250
[0.920, 0.440] : 99.5625
[0.920, 0.450] : 99.3750
[0.920, 0.460] : 99.5625
[0.920, 0.470] : 98.9375
[0.920, 0.480] : 99.3125
[0.920, 0.490] : 99.3125
[0.920, 0.500] : 99.3125
[0.920, 0.510] : 99.4375
[0.920, 0.520] : 98.3125
[0.920, 0.530] : 98.0625
[0.920, 0.540] : 98.3750
[0.920, 0.550] : 97.9375
[0.920, 0.570] : 98.3125

[0.940, 0.360] : 96.6875
[0.940, 0.370] : 97.2500
[0.940, 0.380] : 97.1875
[0.940, 0.390] : 98.2500
[0.940, 0.400] : 97.9375
[0.940, 0.410] : 98.7500
[0.940, 0.420] : 98.9375
[0.940, 0.430] : 99.7500
[0.940, 0.440] : 99.5000
[0.940, 0.450] : 99.2500
[0.940, 0.460] : 99.3125
[0.940, 0.470] : 99.2500
[0.940, 0.480] : 99.4375
[0.940, 0.490] : 97.8125
[0.940, 0.500] : 99.1250
[0.940, 0.510] : 98.7500
[0.940, 0.520] : 98.0625
[0.940, 0.530] : 99.1875
[0.940, 0.540] : 98.3125
[0.940, 0.550] : 98.3125
[0.940, 0.570] : 97.8750

[0.960, 0.360] : 96.5000
[0.960, 0.370] : 96.7500
[0.960, 0.380] : 97.4375
[0.960, 0.390] : 97.0000
[0.960, 0.400] : 98.0000
[0.960, 0.410] : 98.0000
[0.960, 0.420] : 98.4375
[0.960, 0.430] : 98.6250
[0.960, 0.440] : 99.4375
[0.960, 0.450] : 99.1250
[0.960, 0.460] : 99.5000
[0.960, 0.470] : 99.3125
[0.960, 0.480] : 99.5000
[0.960, 0.490] : 98.7500
[0.960, 0.500] : 98.9375
[0.960, 0.510] : 99.0000
[0.960, 0.530] : 98.0625
