[0.720, 0.360] : 98.3750
[0.720, 0.370] : 98.4375
[0.720, 0.380] : 98.0000
[0.720, 0.390] : 98.4375
[0.720, 0.400] : 97.9375
[0.720, 0.410] : 98.5000
[0.720, 0.420] : 97.7500
[0.720, 0.430] : 97.3125
[0.720, 0.440] : 97.8750
[0.720, 0.450] : 97.8125
[0.720, 0.460] : 98.0625
[0.720, 0.470] : 98.5000
[0.720, 0.480] : 97.7500
[0.720, 0.490] : 96.8125
[0.720, 0.500] : 97.5000
[0.720, 0.510] : 97.1875
[0.720, 0.520] : 97.1875
[0.720, 0.530] : 97.3125
[0.720, 0.540] : 97.5625
[0.720, 0.550] : 96.7500
[0.720, 0.560] : 96.7500
[0.720, 0.570] : 96.8750
[0.720, 0.580] : 96.8125

[0.730, 0.360] : 98.7500
[0.730, 0.370] : 98.2500
[0.730, 0.380] : 98.1250
[0.730, 0.390] : 98.5000
[0.730, 0.400] : 97.6875
[0.730, 0.410] : 99.4375
[0.730, 0.420] : 98.8750
[0.730, 0.430] : 97.8125
[0.730, 0.440] : 97.5625
[0.730, 0.450] : 97.6875
[0.730, 0.460] : 98.3125
[0.730, 0.470] : 98.6250
[0.730, 0.480] : 98.0625
[0.730, 0.490] : 97.8750
[0.730, 0.500] : 97.2500
[0.730, 0.510] : 97.2500
[0.730, 0.520] : 96.6875
[0.730, 0.530] : 97.1250
[0.730, 0.540] : 99.2500
[0.730, 0.550] : 97.1875
[0.730, 0.560] : 97.1250
[0.730, 0.570] : 97.1250
[0.730, 0.580] : 97.6875

[0.740, 0.360] : 98.3750
[0.740, 0.370] : 98.9375
[0.740, 0.380] : 98.2500
[0.740, 0.390] : 98.2500
[0.740, 0.400] : 98.5625
[0.740, 0.410] : 98.5625
[0.740, 0.420] : 98.3750
[0.740, 0.430] : 97.6875
[0.740, 0.440] : 98.5000
[0.740, 0.450] : 98.1875
[0.740, 0.460] : 97.5625
[0.740, 0.470] : 97.7500
[0.740, 0.480] : 97.8125
[0.740, 0.490] : 97.6875
[0.740, 0.500] : 96.7500
[0.740, 0.510] : 97.3125
[0.740, 0.520] : 97.9375
[0.740, 0.530] : 97.1250
[0.740, 0.540] : 97.6875
[0.740, 0.550] : 96.3750
[0.740, 0.560] : 97.2500
[0.740, 0.570] : 97.0625
[0.740, 0.580] : 96.6250

[0.750, 0.360] : 98.2500
[0.750, 0.370] : 98.1250
[0.750, 0.380] : 98.5000
[0.750, 0.390] : 98.0000
[0.750, 0.400] : 98.4375
[0.750, 0.410] : 98.8125
[0.750, 0.420] : 99.9375
[0.750, 0.430] : 97.3125
[0.750, 0.440] : 97.8750
[0.750, 0.450] : 98.3750
[0.750, 0.460] : 98.3750
[0.750, 0.470] : 98.5000
[0.750, 0.480] : 97.5625
[0.750, 0.490] : 97.0625
[0.750, 0.500] : 97.5625
[0.750, 0.510] : 97.1250
[0.750, 0.520] : 97.9375
[0.750, 0.530] : 97.5000
[0.750, 0.540] : 99.7500
[0.750, 0.550] : 97.0625
[0.750, 0.560] : 97.0625
[0.750, 0.570] : 96.3750
[0.750, 0.580] : 97.8125

[0.760, 0.360] : 98.6875
[0.760, 0.370] : 99.0625
[0.760, 0.380] : 99.0000
[0.760, 0.390] : 98.6875
[0.760, 0.400] : 99.3125
[0.760, 0.410] : 98.4375
[0.760, 0.420] : 98.5625
[0.760, 0.430] : 97.8125
[0.760, 0.440] : 98.1875
[0.760, 0.450] : 98.6875
[0.760, 0.460] : 98.5000
[0.760, 0.470] : 97.7500
[0.760, 0.480] : 98.5000
[0.760, 0.490] : 97.6250
[0.760, 0.500] : 97.9375
[0.760, 0.510] : 98.6875
[0.760, 0.520] : 97.5625
[0.760, 0.530] : 97.8125
[0.760, 0.540] : 98.7500
[0.760, 0.550] : 97.3750
[0.760, 0.560] : 97.8750
[0.760, 0.570] : 98.4375
[0.760, 0.580] : 97.9375

[0.770, 0.360] : 98.8125
[0.770, 0.370] : 99.0000
[0.770, 0.380] : 98.6250
[0.770, 0.390] : 98.8750
[0.770, 0.400] : 98.5625
[0.770, 0.410] : 98.3750
[0.770, 0.420] : 98.6250
[0.770, 0.430] : 98.5625
[0.770, 0.440] : 98.5000
[0.770, 0.450] : 98.2500
[0.770, 0.460] : 98.3125
[0.770, 0.470] : 99.6875
[0.770, 0.480] : 98.3750
[0.770, 0.490] : 98.7500
[0.770, 0.500] : 97.4375
[0.770, 0.510] : 98.1875
[0.770, 0.520] : 97.5000
[0.770, 0.530] : 97.8125
[0.770, 0.540] : 97.5000
[0.770, 0.550] : 98.3125
[0.770, 0.560] : 97.0000
[0.770, 0.570] : 97.5625
[0.770, 0.580] : 97.8125

[0.780, 0.360] : 98.6875
[0.780, 0.370] : 99.3125
[0.780, 0.380] : 99.1250
[0.780, 0.390] : 98.8125
[0.780, 0.400] : 98.9375
[0.780, 0.410] : 98.6875
[0.780, 0.420] : 98.5625
[0.780, 0.430] : 98.1875
[0.780, 0.440] : 98.6250
[0.780, 0.450] : 98.5625
[0.780, 0.460] : 97.6250
[0.780, 0.470] : 98.1875
[0.780, 0.480] : 98.3125
[0.780, 0.490] : 98.5625
[0.780, 0.500] : 98.3125
[0.780, 0.510] : 98.7500
[0.780, 0.520] : 97.5000
[0.780, 0.530] : 98.0625
[0.780, 0.540] : 97.8750
[0.780, 0.550] : 97.0000
[0.780, 0.560] : 97.4375
[0.780, 0.570] : 97.1875
[0.780, 0.580] : 98.0625

[0.790, 0.360] : 98.8750
[0.790, 0.370] : 99.1250
[0.790, 0.380] : 99.1875
[0.790, 0.390] : 99.5625
[0.790, 0.400] : 98.8750
[0.790, 0.410] : 98.7500
[0.790, 0.420] : 98.6875
[0.790, 0.430] : 98.3125
[0.790, 0.440] : 98.6875
[0.790, 0.450] : 98.3750
[0.790, 0.460] : 98.4375
[0.790, 0.470] : 98.1875
[0.790, 0.480] : 98.2500
[0.790, 0.490] : 98.3750
[0.790, 0.500] : 98.5000
[0.790, 0.510] : 98.0625
[0.790, 0.520] : 98.3125
[0.790, 0.530] : 98.5000
[0.790, 0.540] : 98.0625
[0.790, 0.550] : 97.5000
[0.790, 0.560] : 97.7500
[0.790, 0.570] : 97.7500
[0.790, 0.580] : 97.3125

[0.800, 0.360] : 98.8125
[0.800, 0.370] : 99.3750
[0.800, 0.380] : 99.0625
[0.800, 0.390] : 99.2500
[0.800, 0.400] : 98.9375
[0.800, 0.410] : 98.6250
[0.800, 0.420] : 98.5625
[0.800, 0.430] : 99.1250
[0.800, 0.440] : 98.6250
[0.800, 0.450] : 98.1875
[0.800, 0.470] : 98.8125
[0.800, 0.480] : 98.3750
[0.800, 0.490] : 98.5000
[0.800, 0.500] : 98.5625
[0.800, 0.510] : 98.6250
[0.800, 0.520] : 98.4375
[0.800, 0.530] : 97.8750
[0.800, 0.540] : 98.1875
[0.800, 0.550] : 99.0625
[0.800, 0.560] : 98.2500
[0.800, 0.570] : 97.8750
[0.800, 0.580] : 97.2500

[0.810, 0.360] : 98.6875
[0.810, 0.370] : 99.2500
[0.810, 0.380] : 99.0625
[0.810, 0.390] : 99.1250
[0.810, 0.400] : 99.1250
[0.810, 0.410] : 99.1875
[0.810, 0.420] : 99.2500
[0.810, 0.430] : 98.1250
[0.810, 0.440] : 98.5000
[0.810, 0.450] : 98.5000
[0.810, 0.460] : 98.3125
[0.810, 0.470] : 98.3125
[0.810, 0.480] : 98.1875
[0.810, 0.490] : 98.6250
[0.810, 0.500] : 99.2500
[0.810, 0.510] : 98.1875
[0.810, 0.520] : 98.4375
[0.810, 0.530] : 98.2500
[0.810, 0.540] : 97.8750
[0.810, 0.550] : 98.2500
[0.810, 0.560] : 97.7500
[0.810, 0.570] : 97.8750
[0.810, 0.580] : 97.6875

[0.820, 0.360] : 99.0625
[0.820, 0.370] : 98.8125
[0.820, 0.380] : 98.8750
[0.820, 0.390] : 98.5625
[0.820, 0.400] : 98.5000
[0.820, 0.410] : 98.8750
[0.820, 0.420] : 98.4375
[0.820, 0.430] : 98.6875
[0.820, 0.440] : 97.9375
[0.820, 0.450] : 98.4375
[0.820, 0.460] : 98.7500
[0.820, 0.470] : 98.6250
[0.820, 0.480] : 98.6250
[0.820, 0.490] : 98.1875
[0.820, 0.500] : 98.3125
[0.820, 0.510] : 98.3125
[0.820, 0.520] : 98.5000
[0.820, 0.530] : 98.4375
[0.820, 0.540] : 98.1875
[0.820, 0.550] : 98.5000
[0.820, 0.560] : 97.9375
[0.820, 0.570] : 97.8750
[0.820, 0.580] : 97.9375

[0.830, 0.360] : 99.0000
[0.830, 0.370] : 99.6250
[0.830, 0.380] : 99.4375
[0.830, 0.390] : 99.6250
[0.830, 0.400] : 98.9375
[0.830, 0.410] : 98.9375
[0.830, 0.420] : 99.5625
[0.830, 0.430] : 98.5625
[0.830, 0.440] : 98.5625
[0.830, 0.450] : 98.9375
[0.830, 0.460] : 98.7500
[0.830, 0.470] : 98.8750
[0.830, 0.480] : 98.3125
[0.830, 0.490] : 99.3750
[0.830, 0.500] : 98.0625
[0.830, 0.510] : 98.5000
[0.830, 0.520] : 98.1250
[0.830, 0.530] : 98.0625
[0.830, 0.540] : 99.2500
[0.830, 0.550] : 97.5000
[0.830, 0.560] : 97.5000
[0.830, 0.570] : 96.8750
[0.830, 0.580] : 97.9375

[0.840, 0.360] : 98.9375
[0.840, 0.370] : 98.7500
[0.840, 0.380] : 99.0625
[0.840, 0.390] : 98.5625
[0.840, 0.400] : 99.5000
[0.840, 0.410] : 98.9375
[0.840, 0.420] : 98.8125
[0.840, 0.430] : 98.8750
[0.840, 0.440] : 98.5625
[0.840, 0.450] : 98.3125
[0.840, 0.460] : 98.2500
[0.840, 0.470] : 99.7500
[0.840, 0.480] : 97.9375
[0.840, 0.490] : 98.1875
[0.840, 0.500] : 98.1875
[0.840, 0.510] : 98.0000
[0.840, 0.520] : 98.8750
[0.840, 0.530] : 99.0000
[0.840, 0.540] : 98.9375
[0.840, 0.550] : 98.1875
[0.840, 0.560] : 98.3125
[0.840, 0.570] : 97.6875
[0.840, 0.580] : 98.4375

[0.850, 0.360] : 99.0625
[0.850, 0.370] : 98.6250
[0.850, 0.380] : 98.8750
[0.850, 0.390] : 99.3125
[0.850, 0.400] : 98.8125
[0.850, 0.410] : 98.6875
[0.850, 0.420] : 98.6250
[0.850, 0.430] : 98.3750
[0.850, 0.440] : 98.3750
[0.850, 0.450] : 99.1250
[0.850, 0.460] : 98.7500
[0.850, 0.470] : 99.1250
[0.850, 0.480] : 98.8125
[0.850, 0.490] : 98.3125
[0.850, 0.500] : 98.5000
[0.850, 0.510] : 99.0625
[0.850, 0.520] : 98.1250
[0.850, 0.530] : 98.3125
[0.850, 0.540] : 98.0625
[0.850, 0.550] : 97.5000
[0.850, 0.560] : 98.8750
[0.850, 0.570] : 98.3750
[0.850, 0.580] : 97.7500

[0.860, 0.360] : 98.8125
[0.860, 0.370] : 99.0000
[0.860, 0.380] : 98.8125
[0.860, 0.390] : 99.1250
[0.860, 0.400] : 98.9375
[0.860, 0.410] : 98.6875
[0.860, 0.420] : 98.5625
[0.860, 0.430] : 98.5625
[0.860, 0.440] : 98.8125
[0.860, 0.450] : 98.0000
[0.860, 0.460] : 98.6875
[0.860, 0.470] : 99.0625
[0.860, 0.480] : 98.6250
[0.860, 0.490] : 98.0000
[0.860, 0.500] : 97.8125
[0.860, 0.510] : 98.3125
[0.860, 0.520] : 98.0625
[0.860, 0.530] : 98.0625
[0.860, 0.530] : 98.0625
[0.860, 0.540] : 97.9375
[0.860, 0.550] : 97.6875
[0.860, 0.560] : 97.9375
[0.860, 0.570] : 98.2500
[0.860, 0.580] : 96.5000

[0.870, 0.360] : 99.1250
[0.870, 0.370] : 99.0625
[0.870, 0.380] : 99.0000
[0.870, 0.390] : 98.9375
[0.870, 0.400] : 98.3125
[0.870, 0.410] : 97.6250
[0.870, 0.420] : 98.5000
[0.870, 0.430] : 98.8750
[0.870, 0.440] : 98.5000
[0.870, 0.450] : 98.6875
[0.870, 0.460] : 98.8125
[0.870, 0.470] : 98.6250
[0.870, 0.480] : 98.8125
[0.870, 0.490] : 98.3750
[0.870, 0.500] : 97.8125
[0.870, 0.510] : 97.9375
[0.870, 0.520] : 97.7500
[0.870, 0.530] : 98.7500
[0.870, 0.540] : 97.6875
[0.870, 0.550] : 97.5000
[0.870, 0.560] : 98.4375
[0.870, 0.570] : 98.0625
[0.870, 0.580] : 97.7500

[0.880, 0.360] : 98.5625
[0.880, 0.370] : 98.8750
[0.880, 0.380] : 99.0000
[0.880, 0.390] : 98.2500
[0.880, 0.400] : 99.2500
[0.880, 0.410] : 98.8750
[0.880, 0.420] : 98.8125
[0.880, 0.430] : 99.0625
[0.880, 0.440] : 98.1875
[0.880, 0.450] : 98.9375
[0.880, 0.460] : 97.9375
[0.880, 0.470] : 99.1875
[0.880, 0.480] : 98.2500
[0.880, 0.490] : 98.3125
[0.880, 0.500] : 98.0000
[0.880, 0.510] : 98.1250
[0.880, 0.520] : 99.1250
[0.880, 0.530] : 98.8125
[0.880, 0.540] : 97.6875
[0.880, 0.550] : 97.9375
[0.880, 0.560] : 98.0625
[0.880, 0.570] : 98.0625
[0.880, 0.580] : 97.8750

[0.890, 0.360] : 98.5625
[0.890, 0.370] : 99.2500
[0.890, 0.380] : 99.1250
[0.890, 0.390] : 98.1875
[0.890, 0.400] : 99.1875
[0.890, 0.410] : 99.0625
[0.890, 0.420] : 99.1250
[0.890, 0.430] : 99.0000
[0.890, 0.440] : 98.8750
[0.890, 0.450] : 98.1875
[0.890, 0.460] : 98.3750
[0.890, 0.470] : 98.1875
[0.890, 0.480] : 98.5000
[0.890, 0.490] : 99.0000
[0.890, 0.500] : 98.1875
[0.890, 0.510] : 98.3125
[0.890, 0.520] : 98.5000
[0.890, 0.530] : 98.3125
[0.890, 0.540] : 98.0000
[0.890, 0.550] : 98.7500
[0.890, 0.560] : 97.9375
[0.890, 0.570] : 97.5625
[0.890, 0.580] : 97.6250

[0.900, 0.360] : 99.0000
[0.900, 0.370] : 99.0000
[0.900, 0.380] : 98.8125
[0.900, 0.390] : 99.4375
[0.900, 0.400] : 99.1875
[0.900, 0.410] : 98.1875
[0.900, 0.420] : 99.4375
[0.900, 0.430] : 99.1250
[0.900, 0.440] : 99.4375
[0.900, 0.450] : 98.6875
[0.900, 0.460] : 97.8750
[0.900, 0.470] : 98.7500
[0.900, 0.480] : 98.5625
[0.900, 0.490] : 98.1250
[0.900, 0.500] : 98.3125
[0.900, 0.510] : 98.3750
[0.900, 0.520] : 98.1875
[0.900, 0.530] : 97.9375
[0.900, 0.540] : 98.8125
[0.900, 0.550] : 98.5625
[0.900, 0.560] : 99.3750
[0.900, 0.570] : 98.3125
[0.900, 0.580] : 98.0000

[0.910, 0.360] : 99.1875
[0.910, 0.370] : 99.0625
[0.910, 0.380] : 99.1875
[0.910, 0.390] : 98.6250
[0.910, 0.400] : 98.8125
[0.910, 0.410] : 98.6250
[0.910, 0.420] : 99.1250
[0.910, 0.430] : 98.6875
[0.910, 0.440] : 98.7500
[0.910, 0.450] : 99.3125
[0.910, 0.460] : 98.8125
[0.910, 0.470] : 98.4375
[0.910, 0.480] : 98.4375
[0.910, 0.490] : 98.7500
[0.910, 0.500] : 98.7500
[0.910, 0.510] : 98.3750
[0.910, 0.520] : 98.8750
[0.910, 0.530] : 98.1250
[0.910, 0.540] : 98.3750
[0.910, 0.550] : 98.2500
[0.910, 0.560] : 98.3125
[0.910, 0.570] : 97.5625
[0.910, 0.580] : 97.4375

[0.920, 0.360] : 98.8750
[0.920, 0.370] : 98.7500
[0.920, 0.380] : 99.4375
[0.920, 0.390] : 99.2500
[0.920, 0.400] : 99.7500
[0.920, 0.410] : 99.1250
[0.920, 0.420] : 99.1875
[0.920, 0.430] : 99.3125
[0.920, 0.440] : 98.8125
[0.920, 0.450] : 98.6250
[0.920, 0.460] : 98.8750
[0.920, 0.470] : 99.0000
[0.920, 0.480] : 98.8750
[0.920, 0.490] : 98.5625
[0.920, 0.500] : 99.2500
[0.920, 0.510] : 98.6250
[0.920, 0.520] : 98.8125
[0.920, 0.530] : 99.3750
[0.920, 0.540] : 98.8750
[0.920, 0.550] : 97.7500
[0.920, 0.560] : 97.3750
[0.920, 0.570] : 98.3125
[0.920, 0.580] : 97.8125

[0.930, 0.360] : 98.2500
[0.930, 0.370] : 98.9375
[0.930, 0.380] : 99.1875
[0.930, 0.390] : 98.8125
[0.930, 0.400] : 98.7500
[0.930, 0.410] : 99.5000
[0.930, 0.420] : 98.7500
[0.930, 0.430] : 98.6875
[0.930, 0.440] : 98.7500
[0.930, 0.450] : 98.5625
[0.930, 0.460] : 99.3125
[0.930, 0.470] : 98.7500
[0.930, 0.480] : 98.4375
[0.930, 0.490] : 98.2500
[0.930, 0.500] : 98.3125
[0.930, 0.510] : 98.1250
[0.930, 0.520] : 98.1875
[0.930, 0.530] : 98.1250
[0.930, 0.540] : 98.0000
[0.930, 0.550] : 98.3750
[0.930, 0.560] : 97.9375
[0.930, 0.570] : 97.5000
[0.930, 0.580] : 97.4375

[0.940, 0.360] : 98.5625
[0.940, 0.370] : 99.0000
[0.940, 0.380] : 99.6875
[0.940, 0.390] : 99.5625
[0.940, 0.400] : 99.3125
[0.940, 0.410] : 99.5000
[0.940, 0.420] : 99.5000
[0.940, 0.430] : 99.1875
[0.940, 0.440] : 98.6250
[0.940, 0.450] : 99.1250
[0.940, 0.460] : 99.0625
[0.940, 0.470] : 98.7500
[0.940, 0.480] : 98.5000
[0.940, 0.490] : 98.6875
[0.940, 0.500] : 98.3125
[0.940, 0.510] : 98.8750
[0.940, 0.520] : 99.0625
[0.940, 0.530] : 98.5000
[0.940, 0.540] : 98.5000
[0.940, 0.550] : 98.0000
[0.940, 0.560] : 97.8125
[0.940, 0.570] : 97.8125
[0.940, 0.580] : 97.7500

[0.950, 0.360] : 98.6875
[0.950, 0.370] : 98.7500
[0.950, 0.380] : 98.9375
[0.950, 0.390] : 98.7500
[0.950, 0.400] : 99.3750
[0.950, 0.410] : 99.1250
[0.950, 0.420] : 99.1250
[0.950, 0.430] : 99.1875
[0.950, 0.440] : 98.7500
[0.950, 0.450] : 98.6250
[0.950, 0.460] : 99.6250
[0.950, 0.470] : 99.8125
[0.950, 0.480] : 98.8125
[0.950, 0.490] : 99.6875
[0.950, 0.500] : 97.8750
[0.950, 0.510] : 98.2500
[0.950, 0.520] : 98.5000
[0.950, 0.530] : 98.2500
[0.950, 0.540] : 98.0000
[0.950, 0.550] : 98.1875
[0.950, 0.560] : 98.7500
[0.950, 0.570] : 98.0000
[0.950, 0.580] : 97.2500

[0.960, 0.360] : 98.4375
[0.960, 0.370] : 98.8125
[0.960, 0.380] : 99.1250
[0.960, 0.390] : 99.0000
[0.960, 0.400] : 98.7500
[0.960, 0.410] : 98.6875
[0.960, 0.420] : 98.9375
[0.960, 0.430] : 98.7500
[0.960, 0.440] : 99.1250
[0.960, 0.450] : 98.5625
[0.960, 0.460] : 98.4375
[0.960, 0.470] : 98.5000
[0.960, 0.480] : 98.5000
[0.960, 0.490] : 98.4375
[0.960, 0.500] : 98.4375
[0.960, 0.510] : 98.5625
[0.960, 0.520] : 98.3750
[0.960, 0.530] : 98.0000
[0.960, 0.540] : 98.6250
[0.960, 0.550] : 98.3750
[0.960, 0.560] : 97.8125
[0.960, 0.570] : 97.3750
[0.960, 0.580] : 97.7500

[0.832, 0.422] : 98.4375